SMA Cross Range fast 15-30 / slow 25-70

AMD
   fast_period  slow_period        pnl  final_value  init_cash
0           16           47 1517963.84   1617963.84     100000
1           16           48 1499546.28   1599546.28     100000
2           16           49 1440645.46   1540645.46     100000
3           15           48 1378669.47   1478669.47     100000
4           17           44 1377481.38   1477481.38     100000
5           16           34 1344588.02   1444588.02     100000
6           16           46 1320679.30   1420679.30     100000
7           16           33 1310367.18   1410367.18     100000
8           21           42 1280093.51   1380093.51     100000
9           25           37 1267659.70   1367659.70     100000
INTC
   fast_period  slow_period      pnl  final_value  init_cash
0           22           43 32031.54    132031.54     100000
1           21           46 30716.71    130716.71     100000
2           22           44 28240.79    128240.79     100000
3           21           45 26686.41    126686.41     100000
4           22           42 25267.56    125267.56     100000
5           22           41 20285.90    120285.90     100000
6           20           46 19866.34    119866.34     100000
7           23           41 19615.02    119615.02     100000
8           22           49 18857.10    118857.10     100000
9           19           44 18538.24    118538.24     100000
WORK
   fast_period  slow_period       pnl  final_value  init_cash
0           28           25 110651.44    210651.44     100000
1           27           25  92972.71    192972.71     100000
2           29           25  88827.03    188827.03     100000
3           27           26  87268.23    187268.23     100000
4           28           38  72228.87    172228.87     100000
5           25           38  70117.03    170117.03     100000
6           27           38  69482.62    169482.62     100000
7           26           38  68912.92    168912.92     100000
8           28           36  68747.73    168747.73     100000
9           25           39  68353.76    168353.76     100000
ZM
   fast_period  slow_period       pnl  final_value  init_cash
0           29           50 413126.56    513126.56     100000
1           29           55 405083.26    505083.26     100000
2           19           25 404710.45    504710.45     100000
3           29           58 404707.23    504707.23     100000
4           29           51 404673.15    504673.15     100000
5           29           56 402924.47    502924.47     100000
6           27           50 401936.68    501936.68     100000
7           28           51 400120.69    500120.69     100000
8           29           45 399168.37    499168.37     100000
9           28           50 398727.56    498727.56     100000
SNE
   fast_period  slow_period       pnl  final_value  init_cash
0           18           49 151120.74    251120.74     100000
1           18           50 150300.14    250300.14     100000
2           17           50 150092.28    250092.28     100000
3           17           52 149767.15    249767.15     100000
4           18           56 147358.95    247358.95     100000
5           17           51 146880.69    246880.69     100000
6           18           53 144395.94    244395.94     100000
7           18           51 143544.34    243544.34     100000
8           18           52 141661.98    241661.98     100000
9           17           58 141124.01    241124.01     100000
ATVI
   fast_period  slow_period       pnl  final_value  init_cash
0           16           25 205177.23    305177.23     100000
1           16           26 198738.63    298738.63     100000
2           15           26 193269.37    293269.37     100000
3           15           27 177361.03    277361.03     100000
4           15           25 175024.41    275024.41     100000
5           15           50 174988.30    274988.30     100000
6           15           31 171235.71    271235.71     100000
7           15           30 166950.00    266950.00     100000
8           18           27 165968.42    265968.42     100000
9           19           25 165774.46    265774.46     100000
EBAY
   fast_period  slow_period      pnl  final_value  init_cash
0           26           47 56619.25    156619.25     100000
1           27           47 56036.18    156036.18     100000
2           27           38 55173.18    155173.18     100000
3           26           46 51266.76    151266.76     100000
4           27           48 50651.37    150651.37     100000
5           19           41 49402.39    149402.39     100000
6           27           46 48312.14    148312.14     100000
7           27           45 48266.12    148266.12     100000
8           18           39 48240.70    148240.70     100000
9           19           40 47124.74    147124.74     100000
NFLX
   fast_period  slow_period       pnl  final_value  init_cash
0           29           27 232580.66    332580.66     100000
1           18           67 230495.22    330495.22     100000
2           16           67 218760.99    318760.99     100000
3           18           66 216188.94    316188.94     100000
4           17           66 215125.70    315125.70     100000
5           19           25 215037.85    315037.85     100000
6           17           26 214343.38    314343.38     100000
7           17           67 213387.76    313387.76     100000
8           18           27 210442.20    310442.20     100000
9           17           28 203319.27    303319.27     100000
TTWO
   fast_period  slow_period       pnl  final_value  init_cash
0           29           59 407115.31    507115.31     100000
1           27           66 400827.54    500827.54     100000
2           29           58 393807.33    493807.33     100000
3           28           63 392439.23    492439.23     100000
4           27           63 390185.54    490185.54     100000
5           27           65 388210.06    488210.06     100000
6           27           64 386910.87    486910.87     100000
7           15           46 384383.01    484383.01     100000
8           28           62 383611.17    483611.17     100000
9           26           66 381020.76    481020.76     100000
EA
   fast_period  slow_period      pnl  final_value  init_cash
0           29           36 86859.27    186859.27     100000
1           27           42 81170.96    181170.96     100000
2           27           41 80009.83    180009.83     100000
3           27           43 77416.18    177416.18     100000
4           22           62 75739.38    175739.38     100000
5           26           39 75376.02    175376.02     100000
6           28           40 75010.79    175010.79     100000
7           23           61 74638.32    174638.32     100000
8           23           60 73984.89    173984.89     100000
9           23           62 73414.30    173414.30     100000
ZNGA
   fast_period  slow_period      pnl  final_value  init_cash
0           29           69 98984.80    198984.80     100000
1           29           56 98007.77    198007.77     100000
2           29           68 96881.83    196881.83     100000
3           29           64 96847.06    196847.06     100000
4           29           55 92977.39    192977.39     100000
5           29           57 92502.51    192502.51     100000
6           29           53 90084.91    190084.91     100000
7           29           54 89940.24    189940.24     100000
8           29           63 87399.07    187399.07     100000
9           28           56 86418.35    186418.35     100000
NVDA
   fast_period  slow_period        pnl  final_value  init_cash
0           16           49 1228424.98   1328424.98     100000
1           29           52 1223922.31   1323922.31     100000
2           15           30 1210732.03   1310732.03     100000
3           15           51 1198047.74   1298047.74     100000
4           15           52 1188942.81   1288942.81     100000
5           15           53 1172700.44   1272700.44     100000
6           16           48 1155587.58   1255587.58     100000
7           15           50 1153588.17   1253588.17     100000
8           16           50 1140341.64   1240341.64     100000
9           23           64 1126021.55   1226021.55     100000
MU
   fast_period  slow_period       pnl  final_value  init_cash
0           15           47 104273.18    204273.18     100000
1           27           59 102868.03    202868.03     100000
2           16           58 101329.20    201329.20     100000
3           17           57 100102.03    200102.03     100000
4           28           55  99839.49    199839.49     100000
5           24           57  98947.15    198947.15     100000
6           23           58  96518.86    196518.86     100000
7           26           60  96457.42    196457.42     100000
8           27           60  95803.56    195803.56     100000
9           28           50  95545.51    195545.51     100000
WHR
   fast_period  slow_period       pnl  final_value  init_cash
0           26           26      0.00    100000.00     100000
1           25           25      0.00    100000.00     100000
2           29           29      0.00    100000.00     100000
3           27           27      0.00    100000.00     100000
4           28           28      0.00    100000.00     100000
5           16           26  -8524.63     91475.37     100000
6           22           28 -14394.84     85605.16     100000
7           15           34 -14688.27     85311.73     100000
8           15           27 -16502.20     83497.80     100000
9           15           29 -17942.68     82057.32     100000
ASML
   fast_period  slow_period       pnl  final_value  init_cash
0           19           46 117950.88    217950.88     100000
1           19           49 116107.86    216107.86     100000
2           20           46 107280.86    207280.86     100000
3           19           45 106872.91    206872.91     100000
4           18           44 105401.63    205401.63     100000
5           19           48 105347.21    205347.21     100000
6           18           46 102714.80    202714.80     100000
7           17           44 102192.14    202192.14     100000
8           18           45 101572.66    201572.66     100000
9           15           45 100747.00    200747.00     100000
PFE
   fast_period  slow_period       pnl  final_value  init_cash
0           28           28      0.00    100000.00     100000
1           29           29      0.00    100000.00     100000
2           27           27      0.00    100000.00     100000
3           26           26      0.00    100000.00     100000
4           25           25      0.00    100000.00     100000
5           29           25 -19468.35     80531.65     100000
6           18           25 -19838.21     80161.79     100000
7           25           36 -22623.20     77376.80     100000
8           16           26 -23640.41     76359.59     100000
9           17           25 -23734.40     76265.60     100000
TSLA
   fast_period  slow_period       pnl  final_value  init_cash
0           24           52 384074.91    484074.91     100000
1           25           52 378678.70    478678.70     100000
2           25           53 376826.87    476826.87     100000
3           28           56 370811.05    470811.05     100000
4           27           54 362965.75    462965.75     100000
5           29           55 356669.29    456669.29     100000
6           26           51 356301.98    456301.98     100000
7           24           53 352641.18    452641.18     100000
8           24           54 348980.75    448980.75     100000
9           28           52 348637.86    448637.86     100000
DXCM
   fast_period  slow_period       pnl  final_value  init_cash
0           21           36 223721.95    323721.95     100000
1           17           35 222551.83    322551.83     100000
2           18           36 215103.32    315103.32     100000
3           17           36 213444.62    313444.62     100000
4           17           34 200034.17    300034.17     100000
5           22           36 197796.87    297796.87     100000
6           19           36 197008.31    297008.31     100000
7           19           34 196207.80    296207.80     100000
8           17           37 194974.02    294974.02     100000
9           28           45 193026.13    293026.13     100000
CRM
   fast_period  slow_period       pnl  final_value  init_cash
0           18           50 133584.73    233584.73     100000
1           15           51 129421.96    229421.96     100000
2           19           46 123880.29    223880.29     100000
3           19           45 120092.65    220092.65     100000
4           20           47 119288.13    219288.13     100000
5           15           52 119279.07    219279.07     100000
6           19           48 116664.00    216664.00     100000
7           15           50 116220.53    216220.53     100000
8           16           56 114953.03    214953.03     100000
9           16           25 114810.53    214810.53     100000
WIX
   fast_period  slow_period       pnl  final_value  init_cash
0           17           28 906236.38   1006236.38     100000
1           19           29 855644.83    955644.83     100000
2           17           29 790699.49    890699.49     100000
3           18           30 769904.13    869904.13     100000
4           19           30 766563.93    866563.93     100000
5           17           30 748633.80    848633.80     100000
6           19           26 746800.39    846800.39     100000
7           18           29 729755.12    829755.12     100000
8           16           28 718017.90    818017.90     100000
9           18           67 711515.60    811515.60     100000
JD
   fast_period  slow_period       pnl  final_value  init_cash
0           25           47 319953.68    419953.68     100000
1           25           48 310627.30    410627.30     100000
2           27           46 305904.88    405904.88     100000
3           28           46 295914.88    395914.88     100000
4           25           50 295744.50    395744.50     100000
5           24           49 295000.01    395000.01     100000
6           27           47 293234.81    393234.81     100000
7           25           49 292881.66    392881.66     100000
8           26           47 290478.55    390478.55     100000
9           24           50 286677.31    386677.31     100000
NTDOY
   fast_period  slow_period       pnl  final_value  init_cash
0           29           44 244873.36    344873.36     100000
1           29           45 242622.48    342622.48     100000
2           29           50 225773.09    325773.09     100000
3           29           46 216833.35    316833.35     100000
4           27           45 214660.72    314660.72     100000
5           29           43 211907.72    311907.72     100000
6           29           51 207129.67    307129.67     100000
7           26           52 206190.41    306190.41     100000
8           28           45 205537.36    305537.36     100000
9           29           52 203888.33    303888.33     100000
FVRR
   fast_period  slow_period       pnl  final_value  init_cash
0           20           28 322139.37    422139.37     100000
1           21           28 313526.14    413526.14     100000
2           21           29 306558.10    406558.10     100000
3           20           27 297938.38    397938.38     100000
4           22           28 288505.70    388505.70     100000
5           22           29 280648.00    380648.00     100000
6           19           29 277942.23    377942.23     100000
7           21           30 268592.62    368592.62     100000
8           29           69 268523.39    368523.39     100000
9           29           67 268523.39    368523.39     100000
